freq:500mesh:24,24
sensors:20obs:1
rho,sig,l: 1.4052427343325649,17.504633484102808,0.16676280663954615
postMSE:524.3856498459999
