freq:500mesh:24,24
sensors:20obs:10
rho,sig,l: 0.8023743214629954,0.15743979023238677,0.5808714480330659
postMSE:2.5542094818541182e-05
