freq:500mesh:24,24
sensors:20obs:10
rho,sig,l: 0.901990954088135,0.15051034932811777,0.8443908620047746
postMSE:1.8980058229916553e-05
