freq:500mesh:24,24
sensors:10obs:10
rho,sig,l: 1.2099120087332187,4.219049655109889,0.15560568879501577
postMSE:7.514185452363149
