freq:500mesh:24,24
sensors:20obs:10
rho,sig,l: 0.8383714042541037,0.16572104394521733,0.9897305143409548
postMSE:7.500972035865609e-08
