freq:500mesh:24,24
sensors:20obs:10
rho,sig,l: 0.7145630649867115,0.15803144602078875,0.9503093251775165
postMSE:2.1401866606590763e-05
